[assist/metadata]
version = 9.0.4.1
modtime = 1682561706.567567000

[assist/ui]
version = 9.0.4.1
modtime = 1684127864.074852000

[assist/updates]
version = 9.0.4.1
modtime = 1684127867.910681000

[assist/supervisor]
version = 9.0.4.1
modtime = 1684127867.918081000
