[assist/metadata]
version = 9.0.4.1
modtime = 1682561706.567567000

[assist/ui]
version = 9.0.4.1
modtime = 1682561767.112196000

[assist/updates]
version = 9.0.4.1
modtime = 1682562009.728668000

[assist/supervisor]
version = 9.0.4.1
modtime = 1682562009.736300000
